<?xml version="1.0"?>
<opencv_storage>
<calibration_Time>"Sun Apr 17 14:59:48 2016"</calibration_Time>
<nrOfFrames>25</nrOfFrames>
<image_Width>640</image_Width>
<image_Height>480</image_Height>
<board_Width>9</board_Width>
<board_Height>6</board_Height>
<square_Size>50.</square_Size>
<FixAspectRatio>1.</FixAspectRatio>
<!-- flags:  +fix_aspectRatio +fix_principal_point +zero_tangent_dist -->
<flagValue>14</flagValue>
<Camera_Matrix type_id="opencv-matrix">
  <rows>3</rows>
  <cols>3</cols>
  <dt>d</dt>
  <data>
    5.9974082194591551e+02 0. 3.1950000000000000e+02 0.
    5.9974082194591551e+02 2.3950000000000000e+02 0. 0. 1.</data></Camera_Matrix>
<Distortion_Coefficients type_id="opencv-matrix">
  <rows>5</rows>
  <cols>1</cols>
  <dt>d</dt>
  <data>
    -1.5193578804188487e-01 2.0979758822632268e+00 0. 0.
    -5.0923076210212219e+00</data></Distortion_Coefficients>
<Avg_Reprojection_Error>1.0051459383139296e+00</Avg_Reprojection_Error>
<Per_View_Reprojection_Errors type_id="opencv-matrix">
  <rows>25</rows>
  <cols>1</cols>
  <dt>f</dt>
  <data>
    4.01599026e+00 6.62286043e-01 4.39297557e-01 4.79337484e-01
    5.15817225e-01 4.17554736e-01 4.32989180e-01 5.10896623e-01
    5.35559833e-01 4.74109858e-01 4.77998972e-01 4.34750289e-01
    5.30017674e-01 6.50627017e-01 4.72182661e-01 4.87615466e-01
    3.61728907e-01 3.58933926e-01 3.99173170e-01 4.67529863e-01
    3.55006009e-01 7.59663463e-01 1.85255444e+00 3.72195661e-01
    6.11746430e-01</data></Per_View_Reprojection_Errors>
<!-- a set of 6-tuples (rotation vector + translation vector) for each view -->
<Extrinsic_Parameters type_id="opencv-matrix">
  <rows>25</rows>
  <cols>6</cols>
  <dt>d</dt>
  <data>
    -2.7200050424961414e-01 9.9743462253715176e-01
    2.3755359777185032e+00 2.0584365777235328e+02 1.6361058278519764e+02
    1.0153633041781372e+03 -1.4184061462673880e-01
    4.5151778323431457e-01 3.1034232551879994e+00 2.1862240740760663e+02
    1.7096691783144976e+02 8.9956990208773527e+02 3.7960945690449416e-02
    -4.5300528031078718e-01 -3.1022592520975949e+00
    2.1522715296636920e+02 1.5780762732496447e+02 9.2141377357916417e+02
    4.3322532982744737e-02 -3.6315892986652021e-01
    -3.1108093387959905e+00 2.1301408041936097e+02
    1.6153834340301535e+02 9.3972218474536385e+02 3.7858451094824712e-02
    -3.0747757330077513e-01 -3.1139844144461613e+00
    2.1171815309789784e+02 1.6288198132808577e+02 9.4743694732523431e+02
    1.7777090875466608e-02 -3.4298589112739752e-01
    -3.1056389096967441e+00 2.0864379133114292e+02
    1.6392259884630400e+02 9.4148636442521558e+02 3.0674059009199346e-02
    -3.8136819842247366e-01 -3.1014546691740055e+00
    2.0731234997255868e+02 1.6401172576473363e+02 9.3426384601046084e+02
    3.4314538390133084e-02 -4.3481093305999374e-01
    -3.0982991312481190e+00 2.0905580409665635e+02
    1.6123790703447898e+02 9.2649597008292119e+02 3.4764809048038414e-02
    -4.3663933841445701e-01 -3.0989789629968509e+00
    2.1009756975616816e+02 1.6081414793293231e+02 9.2627351747915770e+02
    3.1894474500710451e-02 -3.9664202084241551e-01
    -3.1040079875533482e+00 2.0936125427190507e+02
    1.6330670003311104e+02 9.3111336613791730e+02 3.7150508496817773e-02
    -3.4947347983272686e-01 -3.1122132018419482e+00
    2.1004446411609112e+02 1.6572842188948496e+02 9.3679712974616098e+02
    3.0420525872584783e-02 -3.6879893217124932e-01
    -3.1105019862718288e+00 2.0920125030165997e+02
    1.6592787336900599e+02 9.3373596115647376e+02 3.6485104935430078e-02
    -3.8794944323214248e-01 -3.1053776596609484e+00
    2.0774448932426367e+02 1.6612455032347685e+02 9.3003253770278366e+02
    4.4950595997133781e-02 -3.9676619704570060e-01
    -3.1051989827953297e+00 2.0777251703716718e+02
    1.6584049431772547e+02 9.2826163054445146e+02 2.8238654371646747e-02
    -3.9321894394809859e-01 -3.1041048473035442e+00
    2.0576944875050100e+02 1.6709074985601876e+02 9.3008670901332118e+02
    3.0928196659078026e-02 -3.4464792460517490e-01
    -3.1077622710523962e+00 2.0503862100367297e+02
    1.6923529584029072e+02 9.3547247081669957e+02 1.9335646697586500e-02
    -3.6204532710705112e-01 -3.1098559183334848e+00
    2.0556791909779002e+02 1.6908406471451784e+02 9.3342600729561832e+02
    2.3219542975217106e-03 -4.0277102992464858e-01
    -3.0997994054637985e+00 2.0346366016052826e+02
    1.6736844020841158e+02 9.2795007781476613e+02
    -3.1415056116010760e-02 -4.6651805008746894e-01
    -3.0630725104815442e+00 1.9188296495355451e+02
    1.6720640817235730e+02 9.1772548594731370e+02
    -6.0591006512647524e-02 -4.5594977266929521e-01
    -3.0261499053421592e+00 1.7778651730769008e+02
    1.7249840280849295e+02 9.1022743446961374e+02
    -9.3854576836753703e-02 -4.5864918873877586e-01
    -2.9969783962751846e+00 1.6813697555880393e+02
    1.7725280615817704e+02 9.0321733187992186e+02
    -1.5986501859713467e-01 -3.1094816601049996e-01
    -2.8944135004386102e+00 1.3052623961323948e+02
    1.9012466930582912e+02 9.0304708071863433e+02
    -2.5840136469404218e-01 -2.4339960018078208e-01
    -2.0854602468455767e+00 -1.0593759329653481e+02
    1.8427688097690785e+02 9.0592741069039596e+02
    -3.2938531537723559e-01 -1.5513283292582589e-01
    -1.7073363174717566e+00 -1.7080426261732933e+02
    1.6741542370907530e+02 9.7068269961085548e+02
    -2.9609677136297397e-01 -2.1883812002111994e-01
    -1.6868818868000799e+00 -1.7308688472345213e+02
    1.6303213735822914e+02 9.5066338724359230e+02</data></Extrinsic_Parameters>
