<?xml version="1.0"?>
<opencv_storage>
<calibration_Time>"Mon Apr 18 08:18:11 2016"</calibration_Time>
<nrOfFrames>25</nrOfFrames>
<image_Width>640</image_Width>
<image_Height>480</image_Height>
<board_Width>9</board_Width>
<board_Height>6</board_Height>
<square_Size>50.</square_Size>
<FixAspectRatio>1.</FixAspectRatio>
<!-- flags:  +fix_aspectRatio +fix_principal_point +zero_tangent_dist -->
<flagValue>14</flagValue>
<Camera_Matrix type_id="opencv-matrix">
  <rows>3</rows>
  <cols>3</cols>
  <dt>d</dt>
  <data>
    7.8956700071116450e+02 0. 3.1950000000000000e+02 0.
    7.8956700071116450e+02 2.3950000000000000e+02 0. 0. 1.</data></Camera_Matrix>
<Distortion_Coefficients type_id="opencv-matrix">
  <rows>5</rows>
  <cols>1</cols>
  <dt>d</dt>
  <data>
    -6.9754501817307790e-01 5.8838843945058406e+00 0. 0.
    -2.0002413559746032e+01</data></Distortion_Coefficients>
<Avg_Reprojection_Error>2.1943591173517554e+00</Avg_Reprojection_Error>
<Per_View_Reprojection_Errors type_id="opencv-matrix">
  <rows>25</rows>
  <cols>1</cols>
  <dt>f</dt>
  <data>
    1.85910773e+00 1.08685207e+00 1.37411523e+00 1.67909682e+00
    1.40666044e+00 1.41487420e+00 1.38658357e+00 1.36710513e+00
    1.37178659e+00 1.34321511e+00 5.08420324e+00 2.11270404e+00
    4.46594715e+00 4.59231329e+00 2.24922132e+00 1.97708392e+00
    1.59651315e+00 1.55011797e+00 1.68785262e+00 1.56423247e+00
    1.59359384e+00 1.64638841e+00 1.58845174e+00 7.97511041e-01
    7.78318405e-01</data></Per_View_Reprojection_Errors>
<!-- a set of 6-tuples (rotation vector + translation vector) for each view -->
<Extrinsic_Parameters type_id="opencv-matrix">
  <rows>25</rows>
  <cols>6</cols>
  <dt>d</dt>
  <data>
    -1.4444725830631150e-01 1.7621943163800829e-01
    -2.4087957861658534e-03 -1.3517199478858373e+02
    -1.7442835556132877e+01 9.7510777336871240e+02
    -2.4856383670739812e-01 9.6390824864593092e-02
    -7.2020710155966622e-04 -1.2762321372708938e+02
    -1.8027639676591019e+01 9.7717654171827553e+02
    -1.9653493918802914e-01 -1.6538467249201608e-01
    -5.0730644065978506e-02 -2.2970459923847852e+02
    -1.1004604720182040e+02 8.6811874204806304e+02
    -1.6228590958611283e-01 -3.7995099734195008e-02
    -8.1168380074648182e-03 -2.2779968532136778e+02
    -8.9701118247200228e+01 7.0329754485396245e+02
    -1.4279737294546474e-01 -6.2506829311062856e-02
    2.2936694384445486e-02 -2.2661539149164858e+02
    -7.7548797674559097e+01 7.7573377868143325e+02
    -1.3806793626530553e-01 -4.2721969066465450e-02
    3.8353809180333105e-02 -2.1843021886132627e+02
    -7.4240819279323617e+01 7.6856606136467656e+02
    -1.4973020649441768e-01 -4.9342677211874644e-02
    3.9745440842988693e-02 -2.1910928668176408e+02
    -7.4821192825022607e+01 7.7549659942009168e+02
    -1.5529203139101427e-01 -5.2635798296171876e-02
    3.5842204870461844e-02 -2.2268142119755180e+02
    -7.5637550008964880e+01 7.7338973835305035e+02
    -1.6009563726927237e-01 -5.8032974091692856e-02
    3.3263769592808939e-02 -2.2533686877287076e+02
    -7.6236033331187656e+01 7.7298448521578121e+02
    -1.6957980680721121e-01 -6.2742158796645964e-02
    3.1705913776787192e-02 -2.2595954813108898e+02
    -7.6088689087409435e+01 7.7309163297544103e+02
    -2.8877613666653512e-01 -1.5829634586728494e-01
    9.6955279003976519e-02 -1.4198275037139967e+02
    -1.6127717003700656e+02 7.1233145167194050e+02
    -2.8636205497874123e-01 -2.0121156139671147e-02
    4.3566344853729490e-02 -1.8774037976959855e+02
    -9.0690534809299535e+01 9.3634679238916988e+02
    -1.1373967884577231e-01 -4.1298922548548544e-01
    -1.4659343757239620e+00 -1.9968546986844024e+02
    1.7300136385407782e+02 8.0293908767868515e+02
    -8.6281390038766878e-02 -3.7973997761467909e-01
    -1.4632331096615012e+00 -1.8973496547669765e+02
    1.5061869248034822e+02 8.1046846978628946e+02
    -1.6466376868419358e-01 8.7752116538828015e-02
    1.2839291795348429e-01 -6.9315131687779186e+01
    -1.3816910154635320e+02 9.1423549785417083e+02
    -1.8523244120286000e-01 5.3279172129821847e-02
    1.2170849014006402e-01 -7.8738367432475599e+01
    -1.5656956433220199e+02 9.4952530274534399e+02
    -2.0844309518701598e-01 4.3168630025814551e-02
    7.7817448134516076e-02 -1.6677857172485918e+02
    -1.1656240956817197e+02 9.8241355014749865e+02
    -2.1526167789487174e-01 1.7486673427336154e-02
    7.5396075486620404e-02 -1.7997847164194093e+02
    -1.1759737074631244e+02 9.6660815692366339e+02
    -2.3149005981559867e-01 1.2268571039790161e-02
    1.1405266183330144e-01 -1.5888999124538168e+02
    -1.3098692785104166e+02 9.5564518541977202e+02
    -2.2816594576697566e-01 1.9331379931573436e-02
    1.0645519595350834e-01 -2.0050107283648856e+02
    -1.2555630986310430e+02 9.7445667695670761e+02
    -2.1137122868673805e-01 3.2975525258062022e-02
    7.0775783616226329e-02 -2.6510471987200214e+02
    -1.2163861876199216e+02 9.9252355884278336e+02
    -2.0482576788481313e-01 3.1197030562153220e-02
    6.8453233090292595e-02 -3.0819958599073391e+02
    -1.2047761942908986e+02 9.9658458344902624e+02
    -4.8394649385589605e-03 6.4347695644654215e-02
    3.0508720260467659e-01 -1.9399698256476228e+02
    -1.9970463146153983e+02 9.2724405578362314e+02
    -1.2899585664163962e-02 -6.1297887698576442e-02
    5.3127554501360683e-02 -2.2148479862901891e+02
    -1.5072116700762896e+02 8.3498303151497339e+02
    -2.2948924674787603e-02 -5.9384460798570037e-02
    5.3659926375065461e-02 -2.2091691506216691e+02
    -1.4848843099870933e+02 8.3801663598487187e+02</data></Extrinsic_Parameters>
