<?xml version="1.0"?>
<opencv_storage>
<calibration_Time>"Sat May 21 14:54:27 2016"</calibration_Time>
<nrOfFrames>25</nrOfFrames>
<image_Width>640</image_Width>
<image_Height>480</image_Height>
<board_Width>9</board_Width>
<board_Height>6</board_Height>
<square_Size>50.</square_Size>
<FixAspectRatio>1.</FixAspectRatio>
<!-- flags:  +fix_aspectRatio +fix_principal_point +zero_tangent_dist -->
<flagValue>14</flagValue>
<Camera_Matrix type_id="opencv-matrix">
  <rows>3</rows>
  <cols>3</cols>
  <dt>d</dt>
  <data>
    6.2001587296187427e+02 0. 3.1950000000000000e+02 0.
    6.2001587296187427e+02 2.3950000000000000e+02 0. 0. 1.</data></Camera_Matrix>
<Distortion_Coefficients type_id="opencv-matrix">
  <rows>5</rows>
  <cols>1</cols>
  <dt>d</dt>
  <data>
    7.5608438028330491e-02 -3.4728280446221178e-02 0. 0.
    -2.5080534704056490e-01</data></Distortion_Coefficients>
<Avg_Reprojection_Error>1.1402566962180816e-01</Avg_Reprojection_Error>
<Per_View_Reprojection_Errors type_id="opencv-matrix">
  <rows>25</rows>
  <cols>1</cols>
  <dt>f</dt>
  <data>
    1.16450168e-01 1.27454296e-01 1.26736790e-01 9.23521221e-02
    9.70253423e-02 9.07668173e-02 1.26563460e-01 1.25547126e-01
    1.05438992e-01 1.18964337e-01 1.02496803e-01 1.22275963e-01
    1.65617660e-01 1.10621385e-01 1.24790497e-01 1.13102891e-01
    1.06154665e-01 1.07644461e-01 1.16591476e-01 1.01875588e-01
    9.74876359e-02 1.05464704e-01 9.99967307e-02 1.19088925e-01
    1.04030773e-01</data></Per_View_Reprojection_Errors>
<!-- a set of 6-tuples (rotation vector + translation vector) for each view -->
<Extrinsic_Parameters type_id="opencv-matrix">
  <rows>25</rows>
  <cols>6</cols>
  <dt>d</dt>
  <data>
    1.2294173624068951e-01 4.3971371890868954e-01 9.8508760713807639e-03
    -4.7176442160109070e+02 2.9664294432995194e+02
    1.9466990617854415e+03 1.6127478783650187e-01 4.3845822163625242e-01
    1.7805228767070819e-02 -4.7710394084439292e+02
    3.0925091846939682e+02 1.9271322509512943e+03 1.6438468283703805e-01
    4.3168270986650492e-01 1.9961855395946058e-02
    -4.7876755142512764e+02 3.1069587028959961e+02
    1.9254351670342014e+03 1.2086041127534743e-01 3.6896308180710014e-01
    1.8977758825198983e-02 -4.8933323898547951e+02
    2.7973313706641915e+02 1.8658204347002347e+03 1.1236258292218949e-01
    3.3056935058969783e-01 2.3773820027835003e-02
    -4.9386454288428803e+02 2.6445830185135162e+02
    1.8385492748771558e+03 7.9882449667554339e-02 1.7530884701242416e-01
    1.2206738823951097e-02 -5.2199294531768021e+02
    1.9710237811565878e+02 1.7323557470285509e+03 6.4811026615605144e-02
    1.2236095731071152e-01 6.3598749685899805e-03
    -5.3840545897615186e+02 1.0967357567107159e+02
    1.6831057903128089e+03 -1.7540359202177426e-03
    9.5722086669129985e-02 3.4154032965998476e-02
    -5.4056548325716631e+02 4.7952677321745007e+01
    1.6942169180578617e+03 -4.6284309021259670e-02
    1.0356716613277088e-01 4.0456553948217844e-02
    -5.4232200570662349e+02 1.8859122892092934e+01
    1.7187830704173184e+03 -9.5579777981699587e-02
    1.2374346622210886e-01 2.6263532389813469e-02
    -5.5647658477612231e+02 9.8718238663184383e+00
    1.7667560785735880e+03 -1.0466824067836474e-01
    1.2749793126387968e-01 2.7867129920159221e-02
    -5.6580178789178399e+02 2.5434535088558445e+00
    1.7922077214965682e+03 -1.1481225640679457e-01
    1.2785549581876851e-01 3.1560331048066964e-02
    -5.7130519468603632e+02 -1.1893914730798960e+00
    1.8111125778675910e+03 -1.1925526285289577e-01
    1.3148924220393562e-01 3.1115272989713401e-02
    -5.7440007225749389e+02 -3.1358415094033858e+00
    1.8024925754252777e+03 -1.2764373943689852e-01
    1.2524481147193742e-01 3.5367674521983444e-02
    -5.8463094810429823e+02 -2.4640411793502879e+00
    1.8207484226842303e+03 -1.4301467770729936e-01
    1.3909808702338372e-01 4.4781689146345019e-02
    -6.2316356196907009e+02 -3.6326095332136439e+00
    1.8445196156943903e+03 -1.3191229418565170e-01
    1.6265382191506131e-01 5.1949624802189023e-02
    -6.4965063471180304e+02 1.0720522299235377e+01
    1.8045313578321809e+03 -8.4497024803643558e-02
    1.5908360219275483e-01 3.3565281134627097e-02
    -6.6794981265303875e+02 2.5797260428407132e+01
    1.6813543668420627e+03 -7.7344751296620259e-02
    1.7897075291974487e-01 -3.6803178479655731e-02
    -6.7849713826082007e+02 7.2040289926416520e+01
    1.6180389320257609e+03 -6.8138209876328418e-02
    1.7831931682223418e-01 -3.3195168890562524e-02
    -6.7071049129516234e+02 7.4959173019150356e+01
    1.6045722769701442e+03 -7.0633958358453819e-02
    1.7010750003629652e-01 -1.9818796211520082e-02
    -6.6171296712953460e+02 7.2086592415490614e+01
    1.5950290718010106e+03 -5.8820496420531519e-02
    1.5436481796663137e-01 -4.3668410344818590e-03
    -6.4885390224807986e+02 6.6067197660090983e+01
    1.5813179033409779e+03 -5.0457666954440053e-02
    1.3871602910336739e-01 -3.8732212705850696e-03
    -6.3349016905460621e+02 6.6579465054558128e+01
    1.5708351679664399e+03 -4.5106843611040476e-02
    1.1227906017261986e-01 -6.1728533252431942e-03
    -6.1155046265323358e+02 6.9894455029879921e+01
    1.5606478036990761e+03 -4.2811243946234465e-02
    8.6873884596187320e-02 -9.2068624148039409e-03
    -5.7396054030157745e+02 7.4144082774280179e+01
    1.5502013398684828e+03 -3.5250904795532043e-02
    6.7563058656347166e-02 -1.0562371790119785e-02
    -5.4718069414110039e+02 7.5761213665848359e+01
    1.5485436310004020e+03</data></Extrinsic_Parameters>
