<?xml version="1.0"?>
<opencv_storage>
<calibration_Time>"Thu Jun  2 19:05:00 2016"</calibration_Time>
<nrOfFrames>25</nrOfFrames>
<image_Width>640</image_Width>
<image_Height>480</image_Height>
<board_Width>9</board_Width>
<board_Height>6</board_Height>
<square_Size>50.</square_Size>
<FixAspectRatio>1.</FixAspectRatio>
<!-- flags:  +fix_aspectRatio +fix_principal_point +zero_tangent_dist -->
<flagValue>14</flagValue>
<Camera_Matrix type_id="opencv-matrix">
  <rows>3</rows>
  <cols>3</cols>
  <dt>d</dt>
  <data>
    8.4213898427365598e+02 0. 3.1950000000000000e+02 0.
    8.4213898427365598e+02 2.3950000000000000e+02 0. 0. 1.</data></Camera_Matrix>
<Distortion_Coefficients type_id="opencv-matrix">
  <rows>5</rows>
  <cols>1</cols>
  <dt>d</dt>
  <data>
    2.2401588476903378e-01 4.2330326257943547e+00 0. 0.
    -2.1942604441508600e+01</data></Distortion_Coefficients>
<Avg_Reprojection_Error>9.7577126314204687e-01</Avg_Reprojection_Error>
<Per_View_Reprojection_Errors type_id="opencv-matrix">
  <rows>25</rows>
  <cols>1</cols>
  <dt>f</dt>
  <data>
    4.30636227e-01 4.35151964e-01 5.11724949e-01 6.24927700e-01
    6.30541921e-01 6.28157318e-01 6.53933883e-01 6.43227100e-01
    6.52341843e-01 6.86024129e-01 1.11230409e+00 1.30641007e+00
    7.51260519e-01 1.17047429e+00 1.36237907e+00 1.15740061e+00
    1.10622704e+00 1.09411442e+00 1.08892071e+00 1.07673442e+00
    1.01720226e+00 1.31057525e+00 1.55818260e+00 1.05693448e+00
    1.05311847e+00</data></Per_View_Reprojection_Errors>
<!-- a set of 6-tuples (rotation vector + translation vector) for each view -->
<Extrinsic_Parameters type_id="opencv-matrix">
  <rows>25</rows>
  <cols>6</cols>
  <dt>d</dt>
  <data>
    -8.4480566995978487e-02 -9.1324401845209416e-02
    3.5987083442724652e-02 -3.2005103970628045e+02
    -2.3781604809254951e+01 1.4430173815460391e+03
    -9.8104202151917119e-02 -7.4349611545342378e-02
    3.2366531410747648e-02 -3.2480486206068502e+02
    -2.6139598296464161e+01 1.4376116733261192e+03
    -1.3175399830702131e-01 -4.0693996419805804e-02
    4.2456637224775620e-02 -3.3298714190947629e+02
    -2.7969522428480435e+01 1.4212828488079215e+03
    -1.4191487168178524e-01 -2.0983797117667461e-02
    4.9613455955145658e-02 -3.3769701350167571e+02
    -2.6691604978996430e+01 1.4073301671390125e+03
    -1.3797496068708495e-01 -1.9977785515841017e-02
    6.2661404044250454e-02 -3.3905943660496433e+02
    -2.4220890214736109e+01 1.3981260740045811e+03
    -1.3354656762591541e-01 -5.5109919959567814e-02
    7.5592813643142673e-02 -3.3276668353720532e+02
    -2.0515369884180267e+01 1.3862545586377055e+03
    -1.3191390367838460e-01 -1.0531372514393565e-01
    7.1703110985441507e-02 -3.1278923035991880e+02
    -1.7948874378345440e+01 1.3754956620276998e+03
    -1.3235676060417109e-01 -1.4924800188724435e-01
    6.6618841199516041e-02 -2.8184687382947732e+02
    -2.3927495497318471e+01 1.3725754896757189e+03
    -1.3195441382663664e-01 -2.0344219077819023e-01
    8.0419887955963429e-02 -2.5682191554575638e+02
    -3.7603444582967853e+01 1.3761280213972559e+03
    -6.7652327824073932e-02 -2.1330695061324906e-01
    1.0760083140967631e-01 -2.5881554366438019e+02
    -5.4516712692515590e+01 1.3800971837056334e+03
    -2.6037841614726603e-01 -2.4741785237623191e-02
    1.2054871852671363e-01 -4.0857484229345107e+02
    -1.7689160674584647e+02 1.4463421813091677e+03
    -2.2067351117068154e-01 -5.2008274326334239e-05
    1.1129578393781082e-01 -4.6338845144465910e+02
    -2.1257673049073335e+02 1.4604245972750612e+03
    9.9233867867961151e-02 -1.0477848657986224e-02
    -1.5361826482042071e+00 -3.5609858281953558e+02
    2.7674410791007017e+02 1.2557767385208563e+03
    -6.2200648245253780e-02 8.6355254858443906e-02
    -1.5073012832423720e+00 -4.0724725124781872e+02
    2.5318536731179529e+02 1.2352782436310454e+03
    -6.2975151608334889e-02 2.2346140386032366e-02
    -1.5198990385981777e+00 -4.1972755534889615e+02
    2.5394072796205239e+02 1.2289164101754814e+03
    -4.0773730920652347e-02 1.1440667160278270e-02
    -1.5225076119234231e+00 -4.1724479316421053e+02
    2.5093272173059790e+02 1.2320353299729256e+03
    -2.3189690653388873e-02 1.0628938483624471e-02
    -1.5269049699447825e+00 -4.1182452844817982e+02
    2.4488833525361343e+02 1.2341668554851876e+03
    -2.7488676753223265e-02 3.0302954846744465e-03
    -1.5295108336124457e+00 -4.0730618669515320e+02
    2.3725923725900938e+02 1.2340103603146874e+03
    -3.5430793024106760e-02 -5.2907860770474149e-03
    -1.5292707734229922e+00 -4.0491684100265132e+02
    2.3238695388580325e+02 1.2311781373684821e+03
    -2.8489100004486890e-02 2.3586962334694594e-03
    -1.5319910220400685e+00 -4.0134638315763772e+02
    2.2810230035306049e+02 1.2328677441565087e+03
    -1.9769065714196711e-02 -1.5674699567954475e-02
    -1.5355461067624514e+00 -3.9818045528784700e+02
    2.2233715146952645e+02 1.2316603711583703e+03
    -6.0591501820848638e-02 -3.8233348713110002e-02
    -1.5379249771165970e+00 -4.1543072634125662e+02
    2.1498301375211850e+02 1.2272895469829537e+03 1.6994811416481273e-01
    -4.0357004611974179e-01 -1.4804135093278252e+00
    -3.1549295926636887e+02 2.4168534828606752e+02
    1.2177347750612241e+03 9.4342419095222008e-02
    -9.1948489243065909e-02 -1.4687829039094995e+00
    -3.1361386135797227e+02 2.5560073299156116e+02
    1.2135420974219073e+03 1.0358768063679756e-01
    -1.0120492364011205e-01 -1.4705462020220383e+00
    -3.1441259582925846e+02 2.5569758065663984e+02
    1.2157824745374912e+03</data></Extrinsic_Parameters>
